3.71073e+049
4.63769e+049
7.4325e+049
9.19422e+049
2.30676e+049
8.92617e+049
2.81129e+049
4.42742e+049
4.74514e+049
7.03865e+049
6.21765e+049
6.49064e+049
9.25759e+049
5.82036e+049
8.01812e+049
3.53987e+049
8.65155e+049
7.16939e+049
5.43701e+049
5.32827e+049
3.61233e+049
4.58766e+049
1.74237e+049
8.11427e+049
5.19343e+049
6.24672e+049
1.57324e+049
5.50377e+049
1.83364e+049
8.03863e+049
7.81828e+049
1.67263e+049
4.84031e+049
8.7087e+049
5.99594e+049
6.9794e+049
4.10527e+049
6.53786e+049
3.5829e+049
9.49538e+049
8.89028e+049
2.52677e+049
3.62702e+049
2.40745e+049
9.14303e+049
3.44131e+049
2.30531e+049
1.14877e+049
6.37833e+049
6.77202e+049
9.55483e+049
7.60853e+049
3.77742e+049
2.37019e+049
2.97989e+049
1.84957e+049
3.82982e+049
3.48295e+049
4.0958e+049
2.97462e+049
4.16981e+049
6.2468e+049
2.31897e+049
8.61881e+049
1.13067e+049
8.29592e+049
9.76233e+049
4.28463e+049
5.51216e+049
3.22382e+049
7.55062e+049
6.21778e+049
3.29242e+049
9.95187e+049
7.32675e+049
7.68418e+049
9.71426e+049
8.77836e+049
1.08488e+049
7.13296e+049
6.21841e+049
6.66279e+049
6.06618e+049
8.57869e+049
6.60244e+049
6.4914e+049
1.67309e+049
9.48094e+049
7.86392e+049
1.53687e+049
4.07899e+049
4.48899e+049
4.15031e+049
8.12349e+049
8.26166e+049
2.29188e+049
7.71585e+049
7.21078e+049
2.08496e+049
5.35035e+049
5.53738e+051