279496     8   49   31   23   
34144     8   2   22   97   
1     8   2   22   97   
1651104     8   49   81   52   



57816     2   99   73   4   
162184     2   22   97   38   
1     2   22   97   38   
336140     2   49   49   70   



2904000     22   40   55   60   
1216380     22   97   38   15   
1     22   97   38   15   
6414210     22   99   31   95   



1432981     97   17   79   11   
0     97   38   15   0   
1     97   38   15   0   
6514520     97   40   73   23   



1809864     38   81   14   42   
0     38   15   0   40   
3298400     38   40   31   70   
142120     38   17   55   4   



540270     15   18   29   69   
0     15   0   40   0   
1768425     15   17   73   95   
5759100     15   81   79   60   



0     0   57   93   24   
0     0   40   0   75   
0     0   81   55   23   
0     0   18   14   11   



11587200     40   60   71   68   
0     40   0   75   4   
227520     40   18   79   4   
2777040     40   57   29   42   



0     0   87   40   56   
0     0   75   4   5   
0     0   57   14   60   
0     0   60   93   69   



85425     75   17   67   1   
10500     75   4   5   7   
1435500     75   60   29   11   
11118600     75   87   71   24   



271360     4   40   53   32   
10920     4   5   7   78   
1359288     4   87   93   42   
184960     4   17   40   68   



2414720     5   98   88   56   
141960     5   7   78   52   
416415     5   17   71   69   
750400     5   40   67   56   



641130     7   43   30   71   
340704     7   78   52   12   
268800     7   40   40   24   
36358     7   98   53   1   



597402     78   69   3   37   
2433600     78   52   12   50   
34826064     78   98   67   68   
9444864     78   43   88   32   



244608     52   48   49   2   
2402400     52   12   50   77   
6636448     52   43   53   56   
6027840     52   69   30   56   



22464     12   4   13   36   
4204200     12   50   77   91   
72864     12   69   88   1   
122688     12   48   3   71   



9172800     50   56   36   91   
2802800     50   77   91   8   
2304000     50   48   30   32   
362600     50   4   49   37   



1     50   4   49   37   
1     50   4   49   37   
51744     77   4   3   56   
112112     77   56   13   2   



1     77   56   13   2   
1     77   56   13   2   
17728984     91   56   49   71   
7312032     91   62   36   36   



1     91   62   36   36   
1     91   62   36   36   
238576     8   62   13   37   
0     8   0   65   91   











16194745     49   49   95   71   
9507960     49   49   99   40   
1     49   49   99   40   
4540536     49   81   52   22   



1781787     49   31   23   51   
3298680     49   99   40   17   
1     49   99   40   17   
5210170     49   49   70   31   



1936836     99   73   4   67   
5452920     99   40   17   81   
1     99   40   17   81   
4664880     99   31   95   16   



8316000     40   55   60   63   
991440     40   17   81   18   
1     40   17   81   18   
4768360     40   73   23   71   



1314797     17   79   11   89   
1412802     17   81   18   57   
3654745     17   73   95   31   
190740     17   55   4   51   



1952748     81   14   42   41   
4986360     81   18   57   60   
1639440     81   55   23   16   
25723980     81   79   60   67   



3313656     18   29   69   92   
5355720     18   57   60   87   
403848     18   79   4   71   
174636     18   14   11   63   



4580064     57   93   24   36   
5058180     57   60   87   17   
2441880     57   14   60   51   
6178914     57   29   42   89   



15642720     60   71   68   54   
3549600     60   87   17   40   
1282380     60   29   11   67   
15785820     60   93   69   41   



4287360     87   40   56   22   
5797680     87   17   40   98   
21408786     87   93   42   63   
13638816     87   71   24   92   



45560     17   67   1   40   
2865520     17   40   98   43   
7412187     17   71   69   89   
1664640     17   40   68   36   



2713600     40   53   32   40   
11630640     40   98   43   69   
1574400     40   40   24   41   
8104320     40   67   56   54   



13522432     98   88   56   28   
13956768     98   43   69   48   
41076896     98   67   68   92   
114268     98   53   1   22   



6044940     43   30   71   66   
569664     43   69   48   4   
4594464     43   53   56   36   
4843520     43   88   32   40   



252747     69   3   37   33   
741888     69   48   4   56   
327888     69   88   1   54   
4636800     69   30   56   40   



61152     48   49   2   13   
666624     48   4   56   62   
1013760     48   30   32   22   
286272     48   3   71   28   



149760     4   13   36   80   
0     4   56   62   0   
26880     4   3   56   40   
478632     4   49   37   66   



1     4   49   37   66   
1     4   49   37   66   
7792960     56   49   71   40   
48048     56   13   2   33   



1     56   13   2   33   
1     56   13   2   33   
835016     62   13   37   28   
1044576     62   36   36   13   



1     62   36   36   13   
1     62   36   36   13   
0     0   36   2   66   
0     0   65   91   80   











5443200     81   70   16   60   
8981847     81   49   31   73   
1     81   49   31   73   
2223936     81   52   22   24   



32719995     49   95   71   99   
6098785     49   31   73   55   
1     49   31   73   55   
4997510     49   70   31   47   



109089     31   23   51   3   
9832735     31   73   55   79   
1     31   73   55   79   
1507840     31   95   16   32   



880380     73   4   67   45   
4440590     73   55   79   14   
1     73   55   79   14   
7152540     73   23   71   60   



415800     55   60   63   2   
1764070     55   79   14   29   
951280     55   23   16   47   
1110780     55   4   51   99   



3403004     79   11   89   44   
2982882     79   14   29   93   
717952     79   4   71   32   
952740     79   60   67   3   



1808100     14   42   41   75   
2680818     14   29   93   71   
2570400     14   60   51   60   
436590     14   11   63   45   



6075036     29   69   92   33   
7659480     29   93   71   40   
2115927     29   11   67   99   
216804     29   42   89   2   



4258656     93   24   36   53   
17696040     93   71   40   67   
738234     93   42   63   3   
11576268     93   69   41   44   



20335536     71   68   54   78   
10084840     71   40   67   53   
19620495     71   69   89   45   
11757600     71   24   92   75   



1774080     40   56   22   36   
12499520     40   67   53   88   
78720     40   24   41   2   
3231360     40   68   36   33   



225120     67   1   40   84   
9374640     67   53   88   30   
18442688     67   68   92   44   
10738224     67   56   54   53   



1356800     53   32   40   20   
419760     53   88   30   3   
8013600     53   56   36   75   
90948     53   1   22   78   



4829440     88   56   28   35   
388080     88   30   3   49   
156816     88   1   54   33   
4055040     88   32   40   36   



2389860     30   71   66   17   
57330     30   3   49   13   
1119360     30   32   22   53   
5644800     30   56   40   84   



43956     3   37   33   12   
68796     3   49   13   36   
524160     3   56   40   78   
119280     3   71   28   20   



63700     49   2   13   50   
1490580     49   13   36   65   
5009760     49   71   40   36   
4188030     49   37   66   35   



1     49   37   66   35   
1     49   37   66   35   
1131312     13   37   28   84   
14586     13   2   33   17   



1     13   2   33   17   
1     13   2   33   17   
95040     36   2   66   20   
202176     36   36   13   12   



1     36   36   13   12   
1     36   36   13   12   
2702700     65   36   33   35   
23660000     65   91   80   50   











1444352     52   31   32   28   
7953400     52   70   95   23   
1     52   70   95   23   
878592     52   22   24   32   



4300800     70   16   60   64   
611800     70   95   23   4   
1     70   95   23   4   
9995020     70   31   47   98   



15358365     95   71   99   23   
524400     95   23   4   60   
1     95   23   4   60   
3939840     95   16   32   81   



235773     23   51   3   67   
60720     23   4   60   11   
1     23   4   60   11   
2743440     23   71   60   28   



120600     4   67   45   10   
110880     4   60   11   42   
890624     4   71   32   98   
1292544     4   51   99   64   



196560     60   63   2   26   
1912680     60   11   42   69   
14871600     60   51   60   81   
277380     60   67   3   23   



1636888     11   89   44   38   
765072     11   42   69   24   
2042964     11   67   99   28   
2089395     11   63   45   67   



5166000     42   41   75   40   
4729536     42   69   24   68   
508032     42   63   3   64   
74760     42   89   2   10   



14035428     69   92   33   67   
6306048     69   24   68   56   
6355935     69   89   45   23   
3236376     69   41   44   26   



2701728     24   36   53   59   
91392     24   68   56   1   
131856     24   41   2   67   
6292800     24   92   75   38   



15466464     68   54   78   54   
121856     68   56   1   32   
2752640     68   92   44   10   
3231360     68   36   33   40   



3104640     56   22   36   70   
100352     56   1   32   56   
3931200     56   36   75   26   
10738224     56   54   53   67   



221760     1   40   84   66   
127232     1   32   56   71   
67716     1   54   33   38   
101244     1   22   78   59   



460800     32   40   20   18   
4707584     32   56   71   37   
1492480     32   22   53   40   
2488320     32   40   36   54   



2085440     56   28   35   38   
294224     56   71   37   2   
11706240     56   40   78   67   
13171200     56   40   84   70   



5098368     71   66   17   64   
189144     71   37   2   36   
6032160     71   40   36   59   
2624160     71   28   20   66   



1025640     37   33   12   70   
242424     37   2   36   91   
4699296     37   28   84   54   
1538460     37   66   35   18   



1     37   66   35   18   
1     37   66   35   18   
184800     2   66   20   70   
42636     2   33   17   38   



1     2   33   17   38   
1     2   33   17   38   
2744280     36   33   35   66   
359424     36   13   12   64   



1     36   13   12   64   
1     36   13   12   64   
361998     91   13   17   18   
25480000     91   80   50   70   











5695272     22   47   81   68   
774752     22   31   16   71   
1     22   31   16   71   
1132032     22   24   32   67   



55552     31   32   28   2   
1796016     31   16   71   51   
1     31   16   71   51   
3712436     31   47   98   26   



3809280     16   60   64   62   
3881712     16   71   51   67   
1     16   71   51   67   
829440     16   32   81   20   



1940004     71   99   23   12   
15284241     71   51   67   63   
1     71   51   67   63   
8111040     71   60   28   68   



205020     51   3   67   20   
19159119     51   67   63   89   
6444360     51   60   81   26   
646272     51   99   64   2   



2864250     67   45   10   95   
15402429     67   63   89   41   
3714480     67   99   28   20   
286626     67   3   23   62   



206388     63   2   26   63   
21149604     63   89   41   92   
822528     63   3   64   68   
2279340     63   45   67   12   



13987952     89   44   38   94   
12085488     89   41   92   36   
184230     89   45   23   2   
35600     89   2   10   20   



4797000     41   75   40   39   
7332768     41   92   36   54   
340628     41   2   67   62   
4455880     41   44   26   95   



12814956     92   33   67   63   
3934656     92   36   54   22   
485760     92   44   10   12   
16518600     92   75   38   63   



900576     36   53   59   8   
1710720     36   54   22   40   
1404000     36   75   26   20   
4466880     36   33   40   94   



9097920     54   78   54   40   
1900800     54   22   40   40   
6433020     54   33   38   95   
7478406     54   53   67   39   



5045040     22   36   70   91   
985600     22   40   40   28   
2938320     22   53   40   63   
6378372     22   78   59   63   



14636160     40   84   66   66   
2956800     40   40   28   66   
19649760     40   78   67   94   
622080     40   36   54   8   



705600     40   20   18   49   
2439360     40   28   66   33   
3313440     40   36   59   39   
9408000     40   84   70   40   



3500560     28   35   38   94   
792792     28   66   33   13   
8001504     28   84   54   63   
3363360     28   20   66   91   



1507968     66   17   64   21   
2265120     66   33   13   80   
739200     66   20   70   8   
2744280     66   35   18   66   



1     66   35   18   66   
1     66   35   18   66   
3049200     33   35   66   40   
1044582     33   17   38   49   



1     33   17   38   49   
1     33   17   38   49   
361998     13   17   18   91   
938496     13   12   64   94   



1     13   12   64   94   
1     13   12   64   94   
2407680     80   12   38   66   
5880000     80   50   70   21   











235200     24   98   20   5   
2165760     24   47   32   60   
1     24   47   32   60   
1234944     24   32   67   24   



17085816     47   81   68   66   
8933760     47   32   60   99   
1     47   32   60   99   
6586580     47   98   26   55   



130816     32   28   2   73   
570240     32   60   99   3   
1     32   60   99   3   
3006720     32   81   20   58   



23569920     60   64   62   99   
801900     60   99   3   45   
1     60   99   3   45   
571200     60   28   68   5   



710424     99   23   12   26   
26730     99   3   45   2   
3049200     99   28   20   55   
836352     99   64   2   66   



389940     3   67   20   97   
11880     3   45   2   44   
757248     3   64   68   58   
312294     3   23   62   73   



726750     45   10   95   17   
297000     45   2   44   75   
10350     45   23   2   5   
3581820     45   67   12   99   



255528     2   26   63   78   
217800     2   44   75   33   
548328     2   67   62   66   
10400     2   10   20   26   



12259104     44   38   94   78   
5771700     44   75   33   53   
385440     44   10   12   73   
10541960     44   26   95   97   



11232000     75   40   39   96   
10231650     75   33   53   78   
3861000     75   26   20   99   
3052350     75   38   63   17   



11561319     33   67   63   83   
4911192     33   53   78   36   
3097380     33   38   95   26   
9678240     33   40   94   78   



350224     53   59   8   14   
12501216     53   78   36   84   
12955320     53   40   63   97   
10802142     53   67   39   78   



14826240     78   54   40   88   
4717440     78   36   84   20   
8351148     78   67   94   17   
27832896     78   59   63   96   



7796880     36   70   91   34   
2116800     36   84   20   35   
6461208     36   59   39   78   
1290816     36   54   8   83   



32565456     84   66   66   89   
999600     84   20   35   17   
22289904     84   54   63   78   
3292800     84   70   40   14   



1111320     20   18   49   63   
142800     20   35   17   12   
1075200     20   70   8   96   
10570560     20   66   91   88   



9001440     35   38   94   72   
357000     35   17   12   50   
7669200     35   66   40   83   
1413720     35   18   66   34   



1     35   18   66   34   
1     35   18   66   34   
389844     17   18   91   14   
2817206     17   38   49   89   



1     17   38   49   89   
1     17   38   49   89   
2648448     12   38   66   88   
4548096     12   64   94   63   



1     12   64   94   63   
1     12   64   94   63   
5331200     50   64   49   34   
5292000     50   70   21   72   











434304     32   26   58   9   
7112448     32   98   81   28   
1     32   98   81   28   
1080576     32   67   24   21   



735000     98   20   5   75   
14224896     98   81   28   64   
1     98   81   28   64   
5045040     98   26   55   36   



0     81   68   66   0   
3338496     81   28   64   23   
1     81   28   64   23   
2161080     81   20   58   23   



310688     28   2   73   76   
2761472     28   64   23   67   
1     28   64   23   67   
85680     28   68   5   9   



17284608     64   62   99   44   
986240     64   23   67   10   
9086976     64   68   58   36   
633600     64   2   66   75   



143520     23   12   26   20   
400660     23   67   10   26   
5290     23   2   5   23   
0     23   62   73   0   



5849100     67   20   97   45   
661960     67   10   26   38   
2467476     67   62   66   9   
6049296     67   12   99   76   



565250     10   95   17   35   
395200     10   26   38   40   
657000     10   12   73   75   
228800     10   20   26   44   



1788696     26   63   78   14   
2647840     26   38   40   67   
0     26   20   99   0   
4791800     26   95   97   20   



0     38   94   78   0   
6008560     38   40   67   59   
7133360     38   95   26   76   
1831410     38   63   17   45   



9135360     40   39   96   61   
8538480     40   67   59   54   
10755360     40   63   97   44   
10264800     40   94   78   35   



11561319     67   63   83   33   
14942340     67   59   54   70   
2141320     67   94   17   20   
2853396     67   39   78   14   



640976     59   8   14   97   
14719320     59   54   70   66   
8076510     59   39   78   45   
0     59   63   96   0   



6462720     54   40   88   34   
4490640     54   70   66   18   
9287460     54   63   78   35   
2187216     54   8   83   61   



6713980     70   91   34   31   
3160080     70   66   18   38   
752640     70   8   96   14   
1293600     70   40   14   33   



12793572     66   66   89   33   
2889216     66   18   38   64   
0     66   40   83   0   
51267216     66   91   88   97   



5278770     18   49   63   95   
3064320     18   38   64   70   
1398852     18   91   14   61   
1373328     18   66   34   34   



1     18   66   34   34   
1     18   66   34   34   
7283232     38   66   88   33   
5137258     38   49   89   31   



1     38   49   89   31   
1     38   49   89   31   
10342528     64   49   34   97   
12507264     64   94   63   33   



1     64   94   63   33   
1     64   94   63   33   
19911080     70   94   89   34   
10054800     70   21   72   95   











2373140     67   55   23   28   
2369120     67   26   20   68   
1     67   26   20   68   
2633904     67   24   21   78   



298584     26   58   9   22   
70720     26   20   68   2   
1     26   20   68   2   
875160     26   55   36   17   



562500     20   5   75   75   
168640     20   68   2   62   
1     20   68   2   62   
1414040     20   58   23   53   



0     68   66   0   31   
101184     68   2   62   12   
1     68   2   62   12   
85680     68   5   9   28   



743432     2   73   76   67   
29760     2   62   12   20   
3910     2   5   23   17   
217800     2   66   75   22   



4051080     62   99   44   15   
1413600     62   12   20   95   
1951884     62   66   9   53   
0     62   73   0   75   



586560     12   26   20   94   
1436400     12   20   95   63   
1839600     12   73   75   28   
2798928     12   99   76   31   



261900     20   97   45   3   
11251800     20   95   63   94   
0     20   99   0   22   
1532960     20   26   44   67   



4522000     95   17   35   80   
21941010     95   63   94   39   
14079000     95   26   76   75   
2764500     95   97   20   15   



275184     63   78   14   4   
14550354     63   94   39   63   
8335404     63   97   44   31   
4530330     63   17   45   94   



0     94   78   0   62   
1847664     94   39   63   8   
2141320     94   17   20   67   
769860     94   78   35   3   



3654144     39   96   61   16   
786240     39   63   8   40   
2053350     39   78   45   15   
3407040     39   78   14   80   



2415798     63   83   33   14   
1834560     63   8   40   91   
16167060     63   78   35   94   
0     63   96   0   4   



97776     8   14   97   9   
1921920     8   40   91   66   
32256     8   96   14   3   
2511248     8   83   61   62   



6343040     40   88   34   53   
11771760     40   91   66   49   
0     40   83   0   80   
295680     40   14   33   16   



5371184     91   34   31   56   
27663636     91   66   49   94   
310856     91   14   61   4   
10874864     91   88   97   14   



17833464     66   89   33   92   
6383916     66   49   94   21   
11883168     66   88   33   62   
686664     66   34   34   9   



1     66   34   34   9   
1     66   34   34   9   
2585632     49   34   97   16   
7165123     49   89   31   53   



1     49   89   31   53   
1     49   89   31   53   
3982216     94   89   34   14   
10943856     94   63   33   56   



1     94   63   33   56   
1     94   63   33   56   
369117     21   63   31   9   
13214880     21   72   95   92   











1923264     24   36   53   42   
382800     24   55   58   5   
1     24   55   58   5   
628992     24   21   78   16   



3400320     55   23   28   96   
1052700     55   58   5   66   
1     55   58   5   66   
1312740     55   36   17   39   



401940     58   9   22   35   
1397220     58   5   66   73   
1     58   5   66   73   
353510     58   23   53   5   



871875     5   75   75   31   
2384910     5   66   73   99   
1     5   66   73   99   
52920     5   9   28   42   



0     66   0   31   47   
12401532     66   73   99   26   
1227798     66   9   53   39   
10454400     66   75   22   96   



20444380     73   76   67   55   
18226494     73   99   26   97   
766500     73   75   28   5   
0     73   0   75   35   



3789720     99   44   15   58   
4244526     99   26   97   17   
0     99   0   22   42   
7230564     99   76   31   31   



4301440     26   20   94   88   
3344172     26   97   17   78   
14227200     26   76   75   96   
3602456     26   44   67   47   



314280     97   45   3   24   
10032516     97   17   78   78   
4630780     97   44   31   35   
1600500     97   20   15   55   



0     17   35   80   0   
9929088     17   78   78   96   
706180     17   20   67   31   
4170780     17   45   94   58   



74256     78   14   4   17   
48477312     78   78   96   83   
2474550     78   45   15   47   
720720     78   35   3   88   



0     78   0   62   54   
8701056     78   96   83   14   
14114100     78   35   94   55   
2096640     78   14   80   24   



2248704     96   61   16   24   
9816576     96   83   14   88   
233856     96   14   3   58   
0     96   0   4   0   



1380456     83   33   14   36   
3476704     83   14   88   34   
0     83   0   80   88   
5336402     83   61   62   17   



354438     14   97   9   29   
3728032     14   88   34   89   
81984     14   61   4   24   
399168     14   33   16   54   



13478960     88   34   53   85   
16776144     88   34   89   63   
0     88   33   62   0   
2868096     88   97   14   24   



3364368     34   31   56   57   
13725936     34   89   63   72   
897056     34   97   16   17   
374544     34   34   9   36   



1     34   34   9   36   
1     34   34   9   36   
2287656     89   34   14   54   
4240583     89   31   53   29   



1     89   31   53   29   
1     89   31   53   29   
421848     63   31   9   24   
9896040     63   33   56   85   



1     63   33   56   85   
1     63   33   56   85   
4533408     72   33   53   36   
35868960     72   95   92   57   











85680     21   17   5   48   
156492     21   36   23   9   
1     21   36   23   9   
2253888     21   78   16   86   



2804760     36   53   42   35   
558900     36   23   9   75   
1     36   23   9   75   
1336608     36   17   39   56   



4389504     23   28   96   71   
0     23   9   75   0   
1     23   9   75   0   
0     23   53   5   0   



616770     9   22   35   89   
0     9   75   0   76   
1     9   75   0   76   
508032     9   28   42   48   



1220625     75   75   31   7   
0     75   0   76   44   
588000     75   28   5   56   
5544000     75   22   96   35   



0     0   31   47   5   
0     0   76   44   20   
0     0   22   42   0   
0     0   75   35   71   



12322640     76   67   55   44   
3009600     76   44   20   45   
26265600     76   75   96   48   
6500204     76   31   31   89   



1684320     44   15   58   44   
1386000     44   20   45   35   
1670900     44   31   35   35   
969892     44   67   47   7   



6121280     20   94   88   37   
441000     20   45   35   14   
2949340     20   67   31   71   
82500     20   15   55   5   



142560     45   3   24   44   
0     45   35   14   0   
2823525     45   15   47   89   
10794960     45   94   58   44   



0     35   80   0   60   
0     35   14   0   61   
1266650     35   94   55   7   
406560     35   3   88   44   



19992     14   4   17   21   
0     14   0   61   33   
12180     14   3   58   5   
994560     14   80   24   37   



0     0   62   54   58   
0     0   61   33   97   
0     0   80   88   44   
0     0   4   0   44   



1194624     61   16   24   51   
6638874     61   33   97   34   
257664     61   4   24   44   
3857640     61   62   17   60   



898128     33   14   36   54   
3373854     33   97   34   31   
0     33   62   0   37   
598752     33   16   54   21   



430389     97   9   29   17   
3373854     97   34   31   33   
1160896     97   16   17   44   
1890336     97   14   24   58   



8883860     34   53   85   58   
3304290     34   31   33   95   
1542240     34   14   54   60   
561816     34   9   36   51   



1     34   9   36   51   
1     34   9   36   51   
140616     31   9   24   21   
2572938     31   53   29   54   



1     31   53   29   54   
1     31   53   29   54   
3651912     33   53   36   58   
2670360     33   56   85   17   



1     33   56   85   17   
1     33   56   85   17   
7868280     95   56   29   51   
28894440     95   92   57   58   











0     78   39   0   68   
1967784     78   17   53   28   
1     78   17   53   28   
2039232     78   16   86   19   



20400     17   5   48   5   
555016     17   53   28   22   
1     17   53   28   22   
2970240     17   39   56   80   



7323540     53   42   35   94   
2448600     53   28   22   75   
1     53   28   22   75   
0     53   5   0   81   



8969856     28   96   71   47   
1432200     28   22   75   31   
1     28   22   75   31   
3838464     28   42   48   68   



4728570     22   35   89   69   
3427050     22   75   31   67   
0     22   42   0   80   
369600     22   96   35   5   



455700     75   31   7   28   
2336625     75   31   67   15   
27993600     75   96   48   81   
17519250     75   35   71   94   



531805     31   47   5   73   
2928570     31   67   15   94   
2582300     31   35   35   68   
4019863     31   31   89   47   



14916880     67   55   44   92   
283410     67   15   94   3   
737335     67   31   71   5   
1520967     67   47   7   69   



497640     15   58   44   13   
338400     15   94   3   80   
5898030     15   47   89   94   
115500     15   55   5   28   



26321504     94   88   37   86   
90240     94   3   80   4   
1700930     94   55   7   47   
17511824     94   58   44   73   



164736     3   24   44   52   
59520     3   80   4   62   
60030     3   58   5   69   
1068672     3   88   44   92   



0     80   0   60   17   
317440     80   4   62   16   
8673280     80   88   44   28   
923520     80   24   37   13   



109956     4   17   21   77   
55552     4   62   16   14   
308352     4   24   44   73   
0     4   0   44   86   



776736     62   54   58   4   
124992     62   16   14   9   
0     62   0   37   92   
3288480     62   17   60   52   



1742976     16   24   51   89   
106848     16   14   9   53   
155584     16   17   44   13   
308448     16   54   21   17   



1496880     14   36   54   55   
373968     14   9   53   56   
3900960     14   54   60   86   
1500576     14   24   58   77   



177480     9   29   17   40   
2457504     9   53   56   92   
235872     9   24   21   52   
66096     9   36   51   4   



1     9   36   51   4   
1     9   36   51   4   
1881288     53   36   58   17   
7386822     53   29   54   89   



1     53   29   54   89   
1     53   29   54   89   
6377448     56   29   51   77   
4450600     56   85   17   55   



1     56   85   17   55   
1     56   85   17   55   
1689120     92   85   54   4   
12166080     92   57   58   40   











6023808     16   56   81   83   
131040     16   39   5   42   
1     16   39   5   42   
104576     16   86   19   4   



0     39   0   68   97   
786240     39   5   42   96   
1     39   5   42   96   
9085440     39   56   80   52   



42000     5   48   5   35   
705600     5   42   96   35   
1     5   42   96   35   
0     5   0   81   8   



13679820     42   35   94   99   
4374720     42   96   35   31   
1     42   96   35   31   
11378304     42   48   68   83   



5125632     96   71   47   16   
4895520     96   35   31   47   
19408896     96   48   81   52   
1629600     96   35   5   97   



1504545     35   89   69   7   
2804725     35   31   47   55   
666400     35   35   68   8   
8175650     35   71   94   35   



589372     31   7   28   97   
4647830     31   47   55   58   
913415     31   71   5   83   
12837627     31   89   47   99   



977835     47   5   73   57   
13193840     47   55   58   88   
38140594     47   89   94   97   
363216     47   7   69   16   



7124480     55   44   92   32   
6737280     55   58   88   24   
633325     55   7   47   35   
53900     55   5   28   7   



530816     58   44   13   16   
0     58   88   24   0   
1980990     58   5   69   99   
18070712     58   44   73   97   



7280416     88   37   86   26   
0     88   24   0   17   
1734656     88   44   28   16   
20304768     88   44   92   57   



1427712     24   44   52   26   
0     24   0   17   54   
539616     24   44   73   7   
369408     24   37   13   32   



0     0   60   17   79   
0     0   17   54   24   
0     0   37   92   97   
0     0   44   86   16   



907137     17   21   77   33   
793152     17   54   24   36   
554268     17   44   13   57   
1379040     17   60   52   26   



338256     54   58   4   27   
1353024     54   24   36   29   
8916480     54   60   86   32   
501228     54   21   17   26   



10675728     24   51   89   98   
2129760     24   36   29   85   
419328     24   21   52   16   
8467536     24   58   77   79   



7056720     36   54   55   66   
5058180     36   29   85   57   
922896     36   58   17   26   
242352     36   51   4   33   



1     36   51   4   33   
1     36   51   4   33   
2960958     29   51   77   26   
3763098     29   54   89   27   



1     29   54   89   27   
1     29   54   89   27   
1450440     85   54   4   79   
7788550     85   17   55   98   



1     85   17   55   98   
1     85   17   55   98   
2845953     57   17   89   33   
8727840     57   58   40   66   











4788480     86   80   8   87   
0     86   56   0   48   
1     86   56   0   48   
575168     86   19   4   88   



21459816     56   81   83   57   
0     56   0   48   35   
1     56   0   48   35   
8386560     56   80   52   36   



0     0   68   97   62   
0     0   48   35   71   
1     0   48   35   71   
0     0   81   8   68   



168000     48   5   35   20   
10615920     48   35   71   89   
1     48   35   71   89   
23569344     48   68   83   87   



23451120     35   94   99   72   
1548155     35   71   89   7   
685440     35   68   8   36   
967575     35   5   97   57   



160176     71   47   16   3   
221165     71   89   7   5   
2003620     71   5   83   68   
14482580     71   94   35   62   



1977402     89   69   7   46   
137060     89   7   5   44   
70600674     89   94   97   87   
8282340     89   47   99   20   



627396     7   28   97   33   
67760     7   5   44   44   
656355     7   47   35   57   
556416     7   69   16   72   



1393935     5   73   57   67   
358160     5   44   44   37   
2117610     5   69   99   62   
2940     5   28   7   3   



5958656     44   92   32   46   
3151808     44   44   37   44   
394240     44   28   16   20   
14331944     44   73   97   46   



503360     44   13   16   55   
4297920     44   37   44   60   
1618848     44   73   7   72   
7614288     44   92   57   33   



992784     37   86   26   12   
2051280     37   44   60   21   
990564     37   92   97   3   
1031264     37   13   32   67   



1903616     44   52   26   32   
3215520     44   60   21   58   
1499784     44   13   57   46   
2785024     44   86   16   46   



5076540     60   17   79   63   
3727080     60   21   58   51   
5448960     60   86   32   33   
4461600     60   52   26   55   



4962573     21   77   33   93   
3354372     21   58   51   54   
1170624     21   52   16   67   
111384     21   17   26   12   



331992     58   4   27   53   
2715444     58   51   54   17   
1179256     58   17   26   46   
11290048     58   77   79   32   



30692718     51   89   98   69   
2715444     51   54   17   58   
5615610     51   77   26   55   
424116     51   4   33   63   



1     51   4   33   63   
1     51   4   33   63   
204768     54   4   79   12   
12067866     54   89   27   93   



1     54   89   27   93   
1     54   89   27   93   
1597728     17   89   33   32   
4856390     17   55   98   53   



1     17   55   98   53   
1     17   55   98   53   
5426190     58   55   27   63   
10565280     58   40   66   69   











4904432     19   52   68   73   
8372160     19   80   81   68   
1     19   80   81   68   
26752     19   4   88   4   



2115840     80   8   87   38   
2203200     80   81   68   5   
1     80   81   68   5   
6289920     80   52   36   42   



9580275     81   83   57   25   
2588760     81   68   5   94   
1     81   68   5   94   
705024     81   8   68   16   



15949128     68   97   62   39   
1502120     68   5   94   47   
1     68   5   94   47   
35845044     68   83   87   73   



38500     5   35   20   11   
1524210     5   94   47   69   
1185240     5   83   68   42   
1050510     5   97   57   38   



16080768     94   99   72   24   
8535576     94   47   69   28   
12692256     94   97   87   16   
5099500     94   35   62   25   



212064     47   16   3   94   
6628692     47   69   28   73   
6844845     47   35   57   73   
3629340     47   99   20   39   



1599696     69   7   46   72   
12975312     69   28   73   92   
16093836     69   99   62   38   
874368     69   16   72   11   



1613304     28   97   33   18   
2444624     28   73   92   13   
224000     28   16   20   25   
14112     28   7   3   24   



2230296     73   57   67   8   
7508488     73   92   13   86   
1434888     73   7   72   39   
30618244     73   97   46   94   



6229504     92   32   46   46   
5348512     92   13   86   52   
294492     92   97   3   11   
12459744     92   57   33   72   



331760     13   16   55   29   
988312     13   86   52   17   
818064     13   57   46   24   
501696     13   32   67   18   



858624     86   26   12   32   
5853848     86   52   17   77   
8536704     86   32   33   94   
506368     86   16   46   8   



1730560     52   26   32   40   
272272     52   17   77   4   
4013568     52   16   67   72   
3420560     52   26   55   46   



5245758     17   79   63   62   
466004     17   77   4   89   
365976     17   26   46   18   
153816     17   26   12   29   



17959788     77   33   93   76   
1507660     77   4   89   55   
880880     77   26   55   8   
6228992     77   79   32   32   



206064     4   27   53   36   
783200     4   89   55   40   
174432     4   79   12   46   
332640     4   33   63   40   



1     4   33   63   40   
1     4   33   63   40   
2725536     89   33   32   29   
13855698     89   27   93   62   



1     89   27   93   62   
1     89   27   93   62   
2993760     55   27   63   32   
21710920     55   98   53   76   



1     55   98   53   76   
1     55   98   53   76   
14582400     40   98   93   40   
6557760     40   66   69   36   











94464     4   36   16   41   
138112     4   52   8   83   
1     4   52   8   83   
28160     4   88   4   20   



18585216     52   68   73   72   
3349216     52   8   83   97   
1     52   8   83   97   
5425056     52   36   42   69   



793440     8   87   38   30   
2254280     8   83   97   35   
1     8   83   97   35   
313344     8   68   16   36   



2720325     83   57   25   23   
27896715     83   97   35   99   
1     83   97   35   99   
21612453     83   87   73   41   



20640048     97   62   39   88   
5377680     97   35   99   16   
9316656     97   87   16   69   
15127344     97   57   38   72   



261800     35   20   11   34   
388080     35   99   16   7   
5242860     35   57   73   36   
1627500     35   62   25   30   



10606464     99   72   24   62   
1075536     99   16   7   97   
9563004     99   62   38   41   
1776060     99   20   39   23   



446688     16   3   94   99   
619248     16   7   97   57   
576000     16   20   25   72   
1115136     16   72   11   88   



1599696     7   46   72   69   
1238496     7   97   57   32   
589680     7   72   39   30   
17136     7   3   24   34   



4724676     97   33   18   82   
2830848     97   57   32   16   
73623     97   3   11   23   
26004536     97   46   94   62   



2046984     57   67   8   67   
758784     57   32   16   26   
5537664     57   46   24   88   
13407768     57   33   72   99   



3995008     32   46   46   59   
346112     32   16   26   26   
3374976     32   33   94   34   
2662848     32   67   18   69   



2169200     16   55   29   85   
854464     16   26   26   79   
4785408     16   67   72   62   
482816     16   46   8   82   



738816     26   12   32   74   
1762332     26   26   79   33   
2131272     26   46   18   99   
4407260     26   55   46   67   



133120     26   32   40   4   
1830114     26   79   33   27   
789360     26   55   8   69   
533832     26   12   29   59   



11108664     79   63   62   36   
6898122     79   33   27   98   
3575856     79   12   46   82   
6876160     79   32   32   85   



3731904     33   93   76   16   
5762988     33   27   98   66   
2051808     33   32   29   67   
6153840     33   63   40   74   



1     33   63   40   74   
1     33   63   40   74   
3211488     27   63   32   59   
622728     27   93   62   4   



1     27   93   62   4   
1     27   93   62   4   
30987600     98   93   40   85   
14210784     98   53   76   36   



1     98   53   76   36   
1     98   53   76   36   
16048824     66   53   62   74   
2623104     66   69   36   16   











3858624     88   42   36   29   
18741888     88   36   68   87   
1     88   36   68   87   
140800     88   4   20   20   



1842048     36   16   41   78   
12139632     36   68   87   57   
1     36   68   87   57   
7615944     36   42   69   73   



11079648     68   73   72   31   
20907144     68   87   57   62   
1     68   87   57   62   
1370880     68   16   36   35   



8926200     87   38   30   90   
6149160     87   57   62   20   
1     87   57   62   20   
7551339     87   73   41   29   



32775     57   25   23   1   
5088960     57   62   20   72   
10935108     57   73   36   73   
12164256     57   38   72   78   



15746016     62   39   88   74   
267840     62   20   72   3   
3380860     62   38   41   35   
1441500     62   25   30   31   



231880     20   11   34   31   
198720     20   72   3   46   
1044000     20   25   72   29   
1614600     20   39   23   90   



5249664     72   24   62   49   
327888     72   3   46   33   
6570720     72   39   30   78   
69696     72   11   88   1   



1982178     3   94   99   71   
305118     3   46   33   67   
23529     3   11   23   31   
181152     3   24   34   74   



10969344     46   72   69   48   
4678476     46   33   67   46   
8743680     46   24   88   90   
8310728     46   94   62   31   



4188888     33   18   82   86   
5593830     33   67   46   55   
105468     33   94   34   1   
11525976     33   72   99   49   



2908872     67   8   67   81   
2034120     67   46   55   12   
22132512     67   72   62   74   
5908194     67   18   69   71   



1997504     46   46   59   16   
971520     46   55   12   32   
2541132     46   18   99   31   
1448448     46   8   82   48   



3118225     55   29   85   23   
1330560     55   12   32   63   
1487640     55   8   69   49   
14577860     55   46   67   86   



1619712     12   32   74   57   
2249856     12   32   63   93   
3213744     12   46   82   71   
1663092     12   29   59   81   



25600     32   40   4   5   
9936864     32   63   93   53   
2984448     32   29   67   48   
1392640     32   32   85   16   



7593264     63   62   36   54   
21426363     63   93   53   69   
10229184     63   32   59   86   
4289040     63   40   74   23   



1     63   40   74   23   
1     63   40   74   23   
25612200     93   40   85   81   
1314648     93   62   4   57   



1     93   62   4   57   
1     93   62   4   57   
3890624     53   62   74   16   
725040     53   76   36   5   



1     53   76   36   5   
1     53   76   36   5   
482448     69   76   4   23   
2146176     69   36   16   54   











685860     4   69   35   71   
196224     4   42   16   73   
1     4   42   16   73   
1600     4   20   20   1   



3639384     42   36   29   83   
1864128     42   16   73   38   
1     42   16   73   38   
14808780     42   69   73   70   



2609568     16   41   78   51   
1109600     16   73   38   25   
1     16   73   38   25   
1088640     16   36   35   54   



8798544     73   72   31   54   
2704650     73   38   25   39   
1     73   38   25   39   
6162587     73   41   29   71   



7079400     38   30   90   69   
407550     38   25   39   11   
1     38   25   39   11   
17712864     38   72   78   83   



9200     25   23   1   16   
257400     25   39   11   24   
1     25   39   11   24   
1185750     25   30   31   51   



23365056     39   88   74   92   
967824     39   11   24   94   
1     39   11   24   94   
4359420     39   23   90   54   



382602     11   34   31   33   
1786752     11   24   94   72   
1     11   24   94   72   
66792     11   88   1   69   



3499776     24   62   49   48   
2923776     24   94   72   18   
1     24   94   72   18   
966144     24   34   74   16   



40304286     94   99   71   61   
974592     94   72   18   8   
1     94   72   18   8   
16621456     94   62   31   92   



10253952     72   69   48   43   
476928     72   18   8   46   
1     72   18   8   46   
11525976     72   99   49   33   



6600672     18   82   86   52   
192096     18   8   46   29   
1     18   8   46   29   
4232736     18   69   71   48   



43416     8   67   81   1   
341504     8   46   29   32   
1     8   46   29   32   
1920768     8   82   48   61   



3864736     46   59   16   89   
1707520     46   29   32   40   
1     46   29   32   40   
11397236     46   67   86   43   



1077205     29   85   23   19   
2301440     29   32   40   62   
1     29   32   40   62   
7206732     29   59   81   52   



9043392     32   74   57   67   
6031360     32   40   62   76   
1     32   40   62   76   
43520     32   85   16   1   



38400     40   4   5   48   
6785280     40   62   76   36   
1     40   62   76   36   
6059120     40   74   23   89   



1     40   74   23   89   
1     40   74   23   89   
1     40   74   23   89   
268584     62   4   57   19   



1     62   4   57   19   
1     62   4   57   19   
1     62   4   57   19   
916560     76   36   5   67   



1     76   36   5   67   
1     76   36   5   67   
1     76   36   5   67   
1492992     36   16   54   48   











1     36   16   54   48   
2036880     20   69   36   41   
1     20   69   36   41   
1     20   69   36   41   



1     20   69   36   41   
7332768     69   36   41   72   
1     69   36   41   72   
1     69   36   41   72   



1     69   36   41   72   
3188160     36   41   72   30   
1     36   41   72   30   
1     36   41   72   30   



1     36   41   72   30   
2036880     41   72   30   23   
1     41   72   30   23   
1     41   72   30   23   



1     41   72   30   23   
4371840     72   30   23   88   
1     72   30   23   88   
1     72   30   23   88   



1     72   30   23   88   
2064480     30   23   88   34   
1     30   23   88   34   
1     30   23   88   34   



1     30   23   88   34   
4266592     23   88   34   62   
1     23   88   34   62   
1     23   88   34   62   



1     23   88   34   62   
18364896     88   34   62   99   
1     88   34   62   99   
1     88   34   62   99   



1     88   34   62   99   
14399748     34   62   99   69   
1     34   62   99   69   
1     34   62   99   69   



1     34   62   99   69   
34728804     62   99   69   82   
1     62   99   69   82   
1     62   99   69   82   



1     62   99   69   82   
37529514     99   69   82   67   
1     99   69   82   67   
1     99   69   82   67   



1     99   69   82   67   
22366074     69   82   67   59   
1     69   82   67   59   
1     69   82   67   59   



1     69   82   67   59   
27552410     82   67   59   85   
1     82   67   59   85   
1     82   67   59   85   



1     82   67   59   85   
24864370     67   59   85   74   
1     67   59   85   74   
1     67   59   85   74   



1     67   59   85   74   
1484440     59   85   74   4   
1     59   85   74   4   
1     59   85   74   4   



1     59   85   74   4   
905760     85   74   4   36   
1     85   74   4   36   
1     85   74   4   36   



1     85   74   4   36   
170496     74   4   36   16   
1     74   4   36   16   
1     74   4   36   16   



1     74   4   36   16   
1     74   4   36   16   
1     74   4   36   16   
1     74   4   36   16   



1     74   4   36   16   
1     74   4   36   16   
1     74   4   36   16   
1     74   4   36   16   



1     74   4   36   16   
1     74   4   36   16   
1     74   4   36   16   
1     74   4   36   16   











1     74   4   36   16   
1481900     20   73   35   29   
1     20   73   35   29   
1     20   73   35   29   



1     20   73   35   29   
5779410     73   35   29   78   
1     73   35   29   78   
1     73   35   29   78   



1     73   35   29   78   
2454270     35   29   78   31   
1     35   29   78   31   
1     35   29   78   31   



1     35   29   78   31   
6310980     29   78   31   90   
1     29   78   31   90   
1     29   78   31   90   



1     29   78   31   90   
217620     78   31   90   1   
1     78   31   90   1   
1     78   31   90   1   



1     78   31   90   1   
206460     31   90   1   74   
1     31   90   1   74   
1     31   90   1   74   



1     31   90   1   74   
206460     90   1   74   31   
1     90   1   74   31   
1     90   1   74   31   



1     90   1   74   31   
112406     1   74   31   49   
1     1   74   31   49   
1     1   74   31   49   



1     1   74   31   49   
7980826     74   31   49   71   
1     74   31   49   71   
1     74   31   49   71   



1     74   31   49   71   
5176752     31   49   71   48   
1     31   49   71   48   
1     31   49   71   48   



1     31   49   71   48   
14361312     49   71   48   86   
1     49   71   48   86   
1     49   71   48   86   



1     49   71   48   86   
23740128     71   48   86   81   
1     71   48   86   81   
1     71   48   86   81   



1     71   48   86   81   
5349888     48   86   81   16   
1     48   86   81   16   
1     48   86   81   16   



1     48   86   81   16   
2563488     86   81   16   23   
1     86   81   16   23   
1     86   81   16   23   



1     86   81   16   23   
1699056     81   16   23   57   
1     81   16   23   57   
1     81   16   23   57   



1     81   16   23   57   
104880     16   23   57   5   
1     16   23   57   5   
1     16   23   57   5   



1     16   23   57   5   
353970     23   57   5   54   
1     23   57   5   54   
1     23   57   5   54   



1     23   57   5   54   
1     23   57   5   54   
1     23   57   5   54   
1     23   57   5   54   



1     23   57   5   54   
1     23   57   5   54   
1     23   57   5   54   
1     23   57   5   54   



1     23   57   5   54   
1     23   57   5   54   
1     23   57   5   54   
1     23   57   5   54   











1     23   57   5   54   
268380     1   70   54   71   
1     1   70   54   71   
1     1   70   54   71   



1     1   70   54   71   
22275540     70   54   71   83   
1     70   54   71   83   
1     70   54   71   83   



1     70   54   71   83   
16229322     54   71   83   51   
1     54   71   83   51   
1     54   71   83   51   



1     54   71   83   51   
16229322     71   83   51   54   
1     71   83   51   54   
1     71   83   51   54   



1     71   83   51   54   
15772158     83   51   54   69   
1     83   51   54   69   
1     83   51   54   69   



1     83   51   54   69   
3040416     51   54   69   16   
1     51   54   69   16   
1     51   54   69   16   



1     51   54   69   16   
5484672     54   69   16   92   
1     54   69   16   92   
1     54   69   16   92   



1     54   69   16   92   
3351744     69   16   92   33   
1     69   16   92   33   
1     69   16   92   33   



1     69   16   92   33   
2331648     16   92   33   48   
1     16   92   33   48   
1     16   92   33   48   



1     16   92   33   48   
8889408     92   33   48   61   
1     92   33   48   61   
1     92   33   48   61   



1     92   33   48   61   
4154832     33   48   61   43   
1     33   48   61   43   
1     33   48   61   43   



1     33   48   61   43   
6547008     48   61   43   52   
1     48   61   43   52   
1     48   61   43   52   



1     48   61   43   52   
136396     61   43   52   1   
1     61   43   52   1   
1     61   43   52   1   



1     61   43   52   1   
199004     43   52   1   89   
1     43   52   1   89   
1     43   52   1   89   



1     43   52   1   89   
87932     52   1   89   19   
1     52   1   89   19   
1     52   1   89   19   



1     52   1   89   19   
113297     1   89   19   67   
1     1   89   19   67   
1     1   89   19   67   



1     1   89   19   67   
5438256     89   19   67   48   
1     89   19   67   48   
1     89   19   67   48   



1     89   19   67   48   
1     89   19   67   48   
1     89   19   67   48   
1     89   19   67   48   



1     89   19   67   48   
1     89   19   67   48   
1     89   19   67   48   
1     89   19   67   48   



1     89   19   67   48   
1     89   19   67   48   
1     89   19   67   48   
1     89   19   67   48   











 -----------70600674     0